143
150
144
131
123
147
144
147
172
111
133
205
153
136
161
164
133
130
140
124
118
151
144
130
127
146
161
146
141
137
167
159
161
172
155
132
134
149
174
183
153
200
130
122
136
131
148
132
133
153
130
153
133
131
133
134
147
149
175
133
174
130
134
130
135
187
164
183
152
137
166
167
114
117
131
141
147
121
157
131
129
147
133
137
173
151
160
156
157
162
143
172
170
170
154
134
152
165
151
131
152
129
159
140
131
127
181
226
137
149
158
128
139
136
162
139
129
171
171
168
155
165
129
117
112
142
131
178
178
168
188